{
 "cells": [
  {
   "cell_type": "code",
   "execution_count": 20,
   "id": "9c20d969-2bf5-4c5f-8120-e0aabf7d5b37",
   "metadata": {},
   "outputs": [
    {
     "name": "stderr",
     "output_type": "stream",
     "text": [
      "[nltk_data] Downloading package punkt to\n",
      "[nltk_data]     C:\\Users\\Think\\AppData\\Roaming\\nltk_data...\n",
      "[nltk_data]   Package punkt is already up-to-date!\n",
      "[nltk_data] Downloading package punkt_tab to\n",
      "[nltk_data]     C:\\Users\\Think\\AppData\\Roaming\\nltk_data...\n",
      "[nltk_data]   Package punkt_tab is already up-to-date!\n",
      "[nltk_data] Downloading package stopwords to\n",
      "[nltk_data]     C:\\Users\\Think\\AppData\\Roaming\\nltk_data...\n",
      "[nltk_data]   Package stopwords is already up-to-date!\n",
      "[nltk_data] Downloading package wordnet to\n",
      "[nltk_data]     C:\\Users\\Think\\AppData\\Roaming\\nltk_data...\n",
      "[nltk_data]   Package wordnet is already up-to-date!\n",
      "[nltk_data] Downloading package omw-1.4 to\n",
      "[nltk_data]     C:\\Users\\Think\\AppData\\Roaming\\nltk_data...\n",
      "[nltk_data]   Package omw-1.4 is already up-to-date!\n",
      "[nltk_data] Downloading package averaged_perceptron_tagger_eng to\n",
      "[nltk_data]     C:\\Users\\Think\\AppData\\Roaming\\nltk_data...\n",
      "[nltk_data]   Package averaged_perceptron_tagger_eng is already up-to-\n",
      "[nltk_data]       date!\n"
     ]
    }
   ],
   "source": [
    "from bs4 import BeautifulSoup\n",
    "import re\n",
    "import emoji\n",
    "import string\n",
    "import contractions\n",
    "from symspellpy import SymSpell\n",
    "import pkg_resources\n",
    "import nltk\n",
    "    \n",
    "resources = [\n",
    "        'punkt',\n",
    "        'punkt_tab',\n",
    "        'stopwords',\n",
    "        'wordnet',\n",
    "        'omw-1.4',\n",
    "        'averaged_perceptron_tagger_eng'\n",
    "    ]\n",
    "    \n",
    "for resource in resources:\n",
    "        nltk.download(resource)\n",
    "    \n",
    "from nltk.tokenize import word_tokenize\n",
    "from nltk.corpus import stopwords\n",
    "from nltk.stem import WordNetLemmatizer\n",
    "import pandas as pd\n",
    "import os\n",
    "import matplotlib.pyplot as plt\n",
    "import seaborn as sns\n",
    "from nltk.util import ngrams\n",
    "from difflib import SequenceMatcher\n",
    "from sentence_transformers import SentenceTransformer\n",
    "from sklearn.metrics.pairwise import cosine_similarity"
   ]
  },
  {
   "cell_type": "code",
   "execution_count": 21,
   "id": "c44041a8-09b7-429e-ac6a-9ff12cf0cb68",
   "metadata": {},
   "outputs": [],
   "source": [
    "def process_data(text):\n",
    "       \n",
    "    text = BeautifulSoup(text, \"html.parser\").text\n",
    "          \n",
    "    text = contractions.fix(text)\n",
    "     \n",
    "    text = re.sub(r'https?://\\S+|www\\.\\S+', '', text)\n",
    "    \n",
    "    text = re.sub(r'\\S+@\\S+', '', text)\n",
    "    \n",
    "    text = re.sub(r'\\+?\\d[\\d\\s-]{8,}\\d', '', text)\n",
    "       \n",
    "    text = emoji.replace_emoji(text, replace='')\n",
    "    \n",
    "    text = text.translate(str.maketrans('', '', string.punctuation))\n",
    "    \n",
    "    text = text.lower()\n",
    "    \n",
    "    dictionary_path = pkg_resources.resource_filename(\n",
    "        \"symspellpy\",\n",
    "        \"frequency_dictionary_en_82_765.txt\"\n",
    "    )\n",
    "    \n",
    "    # Create object\n",
    "    sym_spell = SymSpell(max_dictionary_edit_distance=2)\n",
    "    \n",
    "    # Load dictionary\n",
    "    dictionary_path = pkg_resources.resource_filename(\n",
    "        \"symspellpy\",\n",
    "        \"frequency_dictionary_en_82_765.txt\"\n",
    "    )\n",
    "    \n",
    "    sym_spell.load_dictionary(\n",
    "        dictionary_path,\n",
    "        term_index=0,\n",
    "        count_index=1\n",
    "    )\n",
    "    \n",
    "    \n",
    "    suggestions = sym_spell.lookup_compound(\n",
    "        text,\n",
    "        max_edit_distance=2\n",
    "    )\n",
    "    \n",
    "    text=suggestions[0].term\n",
    "    \n",
    "    tokens = word_tokenize(text)\n",
    "    \n",
    "    stop_words = set(stopwords.words('english'))\n",
    "    \n",
    "    tokens = [word for word in tokens if word not in stop_words]\n",
    "    \n",
    "    lemmatizer = WordNetLemmatizer()\n",
    "    \n",
    "    tokens = [lemmatizer.lemmatize(word) for word in tokens]\n",
    "    \n",
    "    text = \" \".join(tokens)\n",
    "    \n",
    "    return text"
   ]
  },
  {
   "cell_type": "code",
   "execution_count": 22,
   "id": "89b7641f-05f6-4a9b-8015-ae4857d84b4b",
   "metadata": {},
   "outputs": [
    {
     "name": "stdout",
     "output_type": "stream",
     "text": [
      "Total Documents: 2\n"
     ]
    }
   ],
   "source": [
    "folder_path = r\"C:\\Users\\Think\\Desktop\\anacondaaa\\nlp\\NLP Models\\plagiarism\"\n",
    "\n",
    "documents = {}\n",
    "\n",
    "for file in os.listdir(folder_path):\n",
    "    if file.endswith(\".txt\"):\n",
    "        file_path = os.path.join(folder_path, file)\n",
    "\n",
    "        with open(file_path, \"r\", encoding=\"utf-8\") as f:\n",
    "            documents[file] = f.read()\n",
    "\n",
    "print(\"Total Documents:\", len(documents))"
   ]
  },
  {
   "cell_type": "code",
   "execution_count": 23,
   "id": "7ef020c8-f6b7-4f69-ba91-226e2d3630bf",
   "metadata": {},
   "outputs": [],
   "source": [
    "processed_documents = {}\n",
    "for filename, text in documents.items():\n",
    "    processed_documents[filename] = process_data(text)\n",
    "\n",
    "filename = list(documents.keys())[0]\n",
    "\n"
   ]
  },
  {
   "cell_type": "code",
   "execution_count": 24,
   "id": "bbd029f3-dfe6-466d-878e-58164a67c073",
   "metadata": {},
   "outputs": [
    {
     "name": "stdout",
     "output_type": "stream",
     "text": [
      "2\n"
     ]
    }
   ],
   "source": [
    "print(len(processed_documents))"
   ]
  },
  {
   "cell_type": "code",
   "execution_count": 25,
   "id": "4ede30ea-7035-4652-9e72-a3caae40e4a9",
   "metadata": {},
   "outputs": [
    {
     "data": {
      "application/vnd.jupyter.widget-view+json": {
       "model_id": "63b19e8e93de44daacae554e9e41444b",
       "version_major": 2,
       "version_minor": 0
      },
      "text/plain": [
       "Loading weights:   0%|          | 0/103 [00:00<?, ?it/s]"
      ]
     },
     "metadata": {},
     "output_type": "display_data"
    },
    {
     "name": "stdout",
     "output_type": "stream",
     "text": [
      "(2, 384)\n"
     ]
    }
   ],
   "source": [
    "model = SentenceTransformer('all-MiniLM-L6-v2')\n",
    "filenames = list(processed_documents.keys())\n",
    "\n",
    "texts = list(processed_documents.values())\n",
    "embeddings = model.encode(texts)\n",
    "print(embeddings.shape)"
   ]
  },
  {
   "cell_type": "code",
   "execution_count": 27,
   "id": "8ed656af-b337-448f-9d43-8be687168ebb",
   "metadata": {},
   "outputs": [
    {
     "data": {
      "text/html": [
       "<div>\n",
       "<style scoped>\n",
       "    .dataframe tbody tr th:only-of-type {\n",
       "        vertical-align: middle;\n",
       "    }\n",
       "\n",
       "    .dataframe tbody tr th {\n",
       "        vertical-align: top;\n",
       "    }\n",
       "\n",
       "    .dataframe thead th {\n",
       "        text-align: right;\n",
       "    }\n",
       "</style>\n",
       "<table border=\"1\" class=\"dataframe\">\n",
       "  <thead>\n",
       "    <tr style=\"text-align: right;\">\n",
       "      <th></th>\n",
       "      <th>doc_001.txt</th>\n",
       "      <th>doc_002.txt</th>\n",
       "    </tr>\n",
       "  </thead>\n",
       "  <tbody>\n",
       "    <tr>\n",
       "      <th>doc_001.txt</th>\n",
       "      <td>1.0000</td>\n",
       "      <td>0.9347</td>\n",
       "    </tr>\n",
       "    <tr>\n",
       "      <th>doc_002.txt</th>\n",
       "      <td>0.9347</td>\n",
       "      <td>1.0000</td>\n",
       "    </tr>\n",
       "  </tbody>\n",
       "</table>\n",
       "</div>"
      ],
      "text/plain": [
       "             doc_001.txt  doc_002.txt\n",
       "doc_001.txt       1.0000       0.9347\n",
       "doc_002.txt       0.9347       1.0000"
      ]
     },
     "execution_count": 27,
     "metadata": {},
     "output_type": "execute_result"
    }
   ],
   "source": [
    "similarity_matrix = cosine_similarity(embeddings)\n",
    "similarity_df = pd.DataFrame(\n",
    "    similarity_matrix,\n",
    "    index=filenames,\n",
    "    columns=filenames\n",
    ")\n",
    "\n",
    "similarity_df.round(4)"
   ]
  },
  {
   "cell_type": "code",
   "execution_count": 32,
   "id": "875d6881-08c7-4073-b237-0f565ea64aea",
   "metadata": {},
   "outputs": [
    {
     "name": "stdout",
     "output_type": "stream",
     "text": [
      "Total Documents: 20\n"
     ]
    }
   ],
   "source": [
    "folder_path = r\"C:\\Users\\Think\\Desktop\\anacondaaa\\nlp\\NLP Models\\plagiarism_corpus_20_docs\"\n",
    "\n",
    "documents = {}\n",
    "\n",
    "for file in os.listdir(folder_path):\n",
    "    if file.endswith(\".txt\"):\n",
    "        file_path = os.path.join(folder_path, file)\n",
    "\n",
    "        with open(file_path, \"r\", encoding=\"utf-8\") as f:\n",
    "            documents[file] = f.read()\n",
    "\n",
    "print(\"Total Documents:\", len(documents))"
   ]
  },
  {
   "cell_type": "code",
   "execution_count": 35,
   "id": "408ece68-1510-43c7-8e4b-2c3d1bee29b5",
   "metadata": {},
   "outputs": [
    {
     "name": "stdout",
     "output_type": "stream",
     "text": [
      "20\n"
     ]
    },
    {
     "data": {
      "text/plain": [
       "20"
      ]
     },
     "execution_count": 35,
     "metadata": {},
     "output_type": "execute_result"
    }
   ],
   "source": [
    "processed_documents = {}\n",
    "for filename, text in documents.items():\n",
    "    processed_documents[filename] = process_data(text)\n",
    "\n",
    "filename = list(documents.keys())\n",
    "\n",
    "print(len(processed_documents))\n",
    "len(filename)"
   ]
  },
  {
   "cell_type": "code",
   "execution_count": 38,
   "id": "2ec75107-2ccd-414e-8982-8aed32f14197",
   "metadata": {},
   "outputs": [
    {
     "data": {
      "application/vnd.jupyter.widget-view+json": {
       "model_id": "683fcfe557384a249752c8421d651b4b",
       "version_major": 2,
       "version_minor": 0
      },
      "text/plain": [
       "Loading weights:   0%|          | 0/103 [00:00<?, ?it/s]"
      ]
     },
     "metadata": {},
     "output_type": "display_data"
    },
    {
     "name": "stdout",
     "output_type": "stream",
     "text": [
      "(20, 384)\n"
     ]
    }
   ],
   "source": [
    "model = SentenceTransformer('all-MiniLM-L6-v2')\n",
    "filenames = list(processed_documents.keys())\n",
    "\n",
    "texts = list(processed_documents.values())\n",
    "embeddings = model.encode(texts)\n",
    "print(embeddings.shape)"
   ]
  },
  {
   "cell_type": "code",
   "execution_count": 39,
   "id": "f5cba7a8-a688-49cb-ae16-e58f9bee454b",
   "metadata": {},
   "outputs": [
    {
     "data": {
      "text/html": [
       "<div>\n",
       "<style scoped>\n",
       "    .dataframe tbody tr th:only-of-type {\n",
       "        vertical-align: middle;\n",
       "    }\n",
       "\n",
       "    .dataframe tbody tr th {\n",
       "        vertical-align: top;\n",
       "    }\n",
       "\n",
       "    .dataframe thead th {\n",
       "        text-align: right;\n",
       "    }\n",
       "</style>\n",
       "<table border=\"1\" class=\"dataframe\">\n",
       "  <thead>\n",
       "    <tr style=\"text-align: right;\">\n",
       "      <th></th>\n",
       "      <th>doc_001.txt</th>\n",
       "      <th>doc_002.txt</th>\n",
       "      <th>doc_003.txt</th>\n",
       "      <th>doc_004.txt</th>\n",
       "      <th>doc_005.txt</th>\n",
       "      <th>doc_006.txt</th>\n",
       "      <th>doc_007.txt</th>\n",
       "      <th>doc_008.txt</th>\n",
       "      <th>doc_009.txt</th>\n",
       "      <th>doc_010.txt</th>\n",
       "      <th>doc_011.txt</th>\n",
       "      <th>doc_012.txt</th>\n",
       "      <th>doc_013.txt</th>\n",
       "      <th>doc_014.txt</th>\n",
       "      <th>doc_015.txt</th>\n",
       "      <th>doc_016.txt</th>\n",
       "      <th>doc_017.txt</th>\n",
       "      <th>doc_018.txt</th>\n",
       "      <th>doc_019.txt</th>\n",
       "      <th>doc_020.txt</th>\n",
       "    </tr>\n",
       "  </thead>\n",
       "  <tbody>\n",
       "    <tr>\n",
       "      <th>doc_001.txt</th>\n",
       "      <td>1.0000</td>\n",
       "      <td>0.8213</td>\n",
       "      <td>0.5366</td>\n",
       "      <td>0.7243</td>\n",
       "      <td>0.7992</td>\n",
       "      <td>1.0000</td>\n",
       "      <td>0.8213</td>\n",
       "      <td>0.5366</td>\n",
       "      <td>0.7243</td>\n",
       "      <td>0.7992</td>\n",
       "      <td>0.8339</td>\n",
       "      <td>0.6619</td>\n",
       "      <td>0.3580</td>\n",
       "      <td>0.5331</td>\n",
       "      <td>0.5998</td>\n",
       "      <td>0.1039</td>\n",
       "      <td>0.1533</td>\n",
       "      <td>0.0454</td>\n",
       "      <td>0.0888</td>\n",
       "      <td>0.1320</td>\n",
       "    </tr>\n",
       "    <tr>\n",
       "      <th>doc_002.txt</th>\n",
       "      <td>0.8213</td>\n",
       "      <td>1.0000</td>\n",
       "      <td>0.5021</td>\n",
       "      <td>0.6535</td>\n",
       "      <td>0.7491</td>\n",
       "      <td>0.8213</td>\n",
       "      <td>1.0000</td>\n",
       "      <td>0.5021</td>\n",
       "      <td>0.6535</td>\n",
       "      <td>0.7491</td>\n",
       "      <td>0.6754</td>\n",
       "      <td>0.8309</td>\n",
       "      <td>0.3474</td>\n",
       "      <td>0.4974</td>\n",
       "      <td>0.5701</td>\n",
       "      <td>0.1019</td>\n",
       "      <td>0.1046</td>\n",
       "      <td>0.0177</td>\n",
       "      <td>0.0553</td>\n",
       "      <td>0.0712</td>\n",
       "    </tr>\n",
       "    <tr>\n",
       "      <th>doc_003.txt</th>\n",
       "      <td>0.5366</td>\n",
       "      <td>0.5021</td>\n",
       "      <td>1.0000</td>\n",
       "      <td>0.5197</td>\n",
       "      <td>0.5707</td>\n",
       "      <td>0.5366</td>\n",
       "      <td>0.5021</td>\n",
       "      <td>1.0000</td>\n",
       "      <td>0.5197</td>\n",
       "      <td>0.5707</td>\n",
       "      <td>0.3721</td>\n",
       "      <td>0.3753</td>\n",
       "      <td>0.8481</td>\n",
       "      <td>0.3664</td>\n",
       "      <td>0.3927</td>\n",
       "      <td>0.0943</td>\n",
       "      <td>0.0635</td>\n",
       "      <td>0.1724</td>\n",
       "      <td>0.0205</td>\n",
       "      <td>-0.0488</td>\n",
       "    </tr>\n",
       "    <tr>\n",
       "      <th>doc_004.txt</th>\n",
       "      <td>0.7243</td>\n",
       "      <td>0.6535</td>\n",
       "      <td>0.5197</td>\n",
       "      <td>1.0000</td>\n",
       "      <td>0.7344</td>\n",
       "      <td>0.7243</td>\n",
       "      <td>0.6535</td>\n",
       "      <td>0.5197</td>\n",
       "      <td>1.0000</td>\n",
       "      <td>0.7344</td>\n",
       "      <td>0.5555</td>\n",
       "      <td>0.5078</td>\n",
       "      <td>0.3387</td>\n",
       "      <td>0.8151</td>\n",
       "      <td>0.5521</td>\n",
       "      <td>0.0697</td>\n",
       "      <td>0.0509</td>\n",
       "      <td>0.0711</td>\n",
       "      <td>0.1055</td>\n",
       "      <td>0.1162</td>\n",
       "    </tr>\n",
       "    <tr>\n",
       "      <th>doc_005.txt</th>\n",
       "      <td>0.7992</td>\n",
       "      <td>0.7491</td>\n",
       "      <td>0.5707</td>\n",
       "      <td>0.7344</td>\n",
       "      <td>1.0000</td>\n",
       "      <td>0.7992</td>\n",
       "      <td>0.7491</td>\n",
       "      <td>0.5707</td>\n",
       "      <td>0.7344</td>\n",
       "      <td>1.0000</td>\n",
       "      <td>0.6696</td>\n",
       "      <td>0.6224</td>\n",
       "      <td>0.3973</td>\n",
       "      <td>0.5686</td>\n",
       "      <td>0.8435</td>\n",
       "      <td>0.0647</td>\n",
       "      <td>0.1479</td>\n",
       "      <td>0.0698</td>\n",
       "      <td>0.1246</td>\n",
       "      <td>0.0818</td>\n",
       "    </tr>\n",
       "    <tr>\n",
       "      <th>doc_006.txt</th>\n",
       "      <td>1.0000</td>\n",
       "      <td>0.8213</td>\n",
       "      <td>0.5366</td>\n",
       "      <td>0.7243</td>\n",
       "      <td>0.7992</td>\n",
       "      <td>1.0000</td>\n",
       "      <td>0.8213</td>\n",
       "      <td>0.5366</td>\n",
       "      <td>0.7243</td>\n",
       "      <td>0.7992</td>\n",
       "      <td>0.8339</td>\n",
       "      <td>0.6619</td>\n",
       "      <td>0.3580</td>\n",
       "      <td>0.5331</td>\n",
       "      <td>0.5998</td>\n",
       "      <td>0.1039</td>\n",
       "      <td>0.1533</td>\n",
       "      <td>0.0454</td>\n",
       "      <td>0.0888</td>\n",
       "      <td>0.1320</td>\n",
       "    </tr>\n",
       "    <tr>\n",
       "      <th>doc_007.txt</th>\n",
       "      <td>0.8213</td>\n",
       "      <td>1.0000</td>\n",
       "      <td>0.5021</td>\n",
       "      <td>0.6535</td>\n",
       "      <td>0.7491</td>\n",
       "      <td>0.8213</td>\n",
       "      <td>1.0000</td>\n",
       "      <td>0.5021</td>\n",
       "      <td>0.6535</td>\n",
       "      <td>0.7491</td>\n",
       "      <td>0.6754</td>\n",
       "      <td>0.8309</td>\n",
       "      <td>0.3474</td>\n",
       "      <td>0.4974</td>\n",
       "      <td>0.5701</td>\n",
       "      <td>0.1019</td>\n",
       "      <td>0.1046</td>\n",
       "      <td>0.0177</td>\n",
       "      <td>0.0553</td>\n",
       "      <td>0.0712</td>\n",
       "    </tr>\n",
       "    <tr>\n",
       "      <th>doc_008.txt</th>\n",
       "      <td>0.5366</td>\n",
       "      <td>0.5021</td>\n",
       "      <td>1.0000</td>\n",
       "      <td>0.5197</td>\n",
       "      <td>0.5707</td>\n",
       "      <td>0.5366</td>\n",
       "      <td>0.5021</td>\n",
       "      <td>1.0000</td>\n",
       "      <td>0.5197</td>\n",
       "      <td>0.5707</td>\n",
       "      <td>0.3721</td>\n",
       "      <td>0.3753</td>\n",
       "      <td>0.8481</td>\n",
       "      <td>0.3664</td>\n",
       "      <td>0.3927</td>\n",
       "      <td>0.0943</td>\n",
       "      <td>0.0635</td>\n",
       "      <td>0.1724</td>\n",
       "      <td>0.0205</td>\n",
       "      <td>-0.0488</td>\n",
       "    </tr>\n",
       "    <tr>\n",
       "      <th>doc_009.txt</th>\n",
       "      <td>0.7243</td>\n",
       "      <td>0.6535</td>\n",
       "      <td>0.5197</td>\n",
       "      <td>1.0000</td>\n",
       "      <td>0.7344</td>\n",
       "      <td>0.7243</td>\n",
       "      <td>0.6535</td>\n",
       "      <td>0.5197</td>\n",
       "      <td>1.0000</td>\n",
       "      <td>0.7344</td>\n",
       "      <td>0.5555</td>\n",
       "      <td>0.5078</td>\n",
       "      <td>0.3387</td>\n",
       "      <td>0.8151</td>\n",
       "      <td>0.5521</td>\n",
       "      <td>0.0697</td>\n",
       "      <td>0.0509</td>\n",
       "      <td>0.0711</td>\n",
       "      <td>0.1055</td>\n",
       "      <td>0.1162</td>\n",
       "    </tr>\n",
       "    <tr>\n",
       "      <th>doc_010.txt</th>\n",
       "      <td>0.7992</td>\n",
       "      <td>0.7491</td>\n",
       "      <td>0.5707</td>\n",
       "      <td>0.7344</td>\n",
       "      <td>1.0000</td>\n",
       "      <td>0.7992</td>\n",
       "      <td>0.7491</td>\n",
       "      <td>0.5707</td>\n",
       "      <td>0.7344</td>\n",
       "      <td>1.0000</td>\n",
       "      <td>0.6696</td>\n",
       "      <td>0.6224</td>\n",
       "      <td>0.3973</td>\n",
       "      <td>0.5686</td>\n",
       "      <td>0.8435</td>\n",
       "      <td>0.0647</td>\n",
       "      <td>0.1479</td>\n",
       "      <td>0.0698</td>\n",
       "      <td>0.1246</td>\n",
       "      <td>0.0818</td>\n",
       "    </tr>\n",
       "    <tr>\n",
       "      <th>doc_011.txt</th>\n",
       "      <td>0.8339</td>\n",
       "      <td>0.6754</td>\n",
       "      <td>0.3721</td>\n",
       "      <td>0.5555</td>\n",
       "      <td>0.6696</td>\n",
       "      <td>0.8339</td>\n",
       "      <td>0.6754</td>\n",
       "      <td>0.3721</td>\n",
       "      <td>0.5555</td>\n",
       "      <td>0.6696</td>\n",
       "      <td>1.0000</td>\n",
       "      <td>0.8167</td>\n",
       "      <td>0.4296</td>\n",
       "      <td>0.6683</td>\n",
       "      <td>0.7648</td>\n",
       "      <td>0.0598</td>\n",
       "      <td>0.1952</td>\n",
       "      <td>0.0381</td>\n",
       "      <td>0.0789</td>\n",
       "      <td>0.1311</td>\n",
       "    </tr>\n",
       "    <tr>\n",
       "      <th>doc_012.txt</th>\n",
       "      <td>0.6619</td>\n",
       "      <td>0.8309</td>\n",
       "      <td>0.3753</td>\n",
       "      <td>0.5078</td>\n",
       "      <td>0.6224</td>\n",
       "      <td>0.6619</td>\n",
       "      <td>0.8309</td>\n",
       "      <td>0.3753</td>\n",
       "      <td>0.5078</td>\n",
       "      <td>0.6224</td>\n",
       "      <td>0.8167</td>\n",
       "      <td>1.0000</td>\n",
       "      <td>0.4512</td>\n",
       "      <td>0.6356</td>\n",
       "      <td>0.7315</td>\n",
       "      <td>0.0676</td>\n",
       "      <td>0.1903</td>\n",
       "      <td>0.0177</td>\n",
       "      <td>0.0815</td>\n",
       "      <td>0.0862</td>\n",
       "    </tr>\n",
       "    <tr>\n",
       "      <th>doc_013.txt</th>\n",
       "      <td>0.3580</td>\n",
       "      <td>0.3474</td>\n",
       "      <td>0.8481</td>\n",
       "      <td>0.3387</td>\n",
       "      <td>0.3973</td>\n",
       "      <td>0.3580</td>\n",
       "      <td>0.3474</td>\n",
       "      <td>0.8481</td>\n",
       "      <td>0.3387</td>\n",
       "      <td>0.3973</td>\n",
       "      <td>0.4296</td>\n",
       "      <td>0.4512</td>\n",
       "      <td>1.0000</td>\n",
       "      <td>0.4640</td>\n",
       "      <td>0.4589</td>\n",
       "      <td>0.0672</td>\n",
       "      <td>0.0918</td>\n",
       "      <td>0.1710</td>\n",
       "      <td>-0.0296</td>\n",
       "      <td>-0.0314</td>\n",
       "    </tr>\n",
       "    <tr>\n",
       "      <th>doc_014.txt</th>\n",
       "      <td>0.5331</td>\n",
       "      <td>0.4974</td>\n",
       "      <td>0.3664</td>\n",
       "      <td>0.8151</td>\n",
       "      <td>0.5686</td>\n",
       "      <td>0.5331</td>\n",
       "      <td>0.4974</td>\n",
       "      <td>0.3664</td>\n",
       "      <td>0.8151</td>\n",
       "      <td>0.5686</td>\n",
       "      <td>0.6683</td>\n",
       "      <td>0.6356</td>\n",
       "      <td>0.4640</td>\n",
       "      <td>1.0000</td>\n",
       "      <td>0.6823</td>\n",
       "      <td>0.0261</td>\n",
       "      <td>0.0623</td>\n",
       "      <td>0.0568</td>\n",
       "      <td>0.0597</td>\n",
       "      <td>0.1107</td>\n",
       "    </tr>\n",
       "    <tr>\n",
       "      <th>doc_015.txt</th>\n",
       "      <td>0.5998</td>\n",
       "      <td>0.5701</td>\n",
       "      <td>0.3927</td>\n",
       "      <td>0.5521</td>\n",
       "      <td>0.8435</td>\n",
       "      <td>0.5998</td>\n",
       "      <td>0.5701</td>\n",
       "      <td>0.3927</td>\n",
       "      <td>0.5521</td>\n",
       "      <td>0.8435</td>\n",
       "      <td>0.7648</td>\n",
       "      <td>0.7315</td>\n",
       "      <td>0.4589</td>\n",
       "      <td>0.6823</td>\n",
       "      <td>1.0000</td>\n",
       "      <td>0.0093</td>\n",
       "      <td>0.1788</td>\n",
       "      <td>0.0509</td>\n",
       "      <td>0.1182</td>\n",
       "      <td>0.0763</td>\n",
       "    </tr>\n",
       "    <tr>\n",
       "      <th>doc_016.txt</th>\n",
       "      <td>0.1039</td>\n",
       "      <td>0.1019</td>\n",
       "      <td>0.0943</td>\n",
       "      <td>0.0697</td>\n",
       "      <td>0.0647</td>\n",
       "      <td>0.1039</td>\n",
       "      <td>0.1019</td>\n",
       "      <td>0.0943</td>\n",
       "      <td>0.0697</td>\n",
       "      <td>0.0647</td>\n",
       "      <td>0.0598</td>\n",
       "      <td>0.0676</td>\n",
       "      <td>0.0672</td>\n",
       "      <td>0.0261</td>\n",
       "      <td>0.0093</td>\n",
       "      <td>1.0000</td>\n",
       "      <td>0.1239</td>\n",
       "      <td>0.0295</td>\n",
       "      <td>0.0703</td>\n",
       "      <td>0.2530</td>\n",
       "    </tr>\n",
       "    <tr>\n",
       "      <th>doc_017.txt</th>\n",
       "      <td>0.1533</td>\n",
       "      <td>0.1046</td>\n",
       "      <td>0.0635</td>\n",
       "      <td>0.0509</td>\n",
       "      <td>0.1479</td>\n",
       "      <td>0.1533</td>\n",
       "      <td>0.1046</td>\n",
       "      <td>0.0635</td>\n",
       "      <td>0.0509</td>\n",
       "      <td>0.1479</td>\n",
       "      <td>0.1952</td>\n",
       "      <td>0.1903</td>\n",
       "      <td>0.0918</td>\n",
       "      <td>0.0623</td>\n",
       "      <td>0.1788</td>\n",
       "      <td>0.1239</td>\n",
       "      <td>1.0000</td>\n",
       "      <td>0.0407</td>\n",
       "      <td>0.1524</td>\n",
       "      <td>0.1222</td>\n",
       "    </tr>\n",
       "    <tr>\n",
       "      <th>doc_018.txt</th>\n",
       "      <td>0.0454</td>\n",
       "      <td>0.0177</td>\n",
       "      <td>0.1724</td>\n",
       "      <td>0.0711</td>\n",
       "      <td>0.0698</td>\n",
       "      <td>0.0454</td>\n",
       "      <td>0.0177</td>\n",
       "      <td>0.1724</td>\n",
       "      <td>0.0711</td>\n",
       "      <td>0.0698</td>\n",
       "      <td>0.0381</td>\n",
       "      <td>0.0177</td>\n",
       "      <td>0.1710</td>\n",
       "      <td>0.0568</td>\n",
       "      <td>0.0509</td>\n",
       "      <td>0.0295</td>\n",
       "      <td>0.0407</td>\n",
       "      <td>1.0000</td>\n",
       "      <td>0.0606</td>\n",
       "      <td>0.1281</td>\n",
       "    </tr>\n",
       "    <tr>\n",
       "      <th>doc_019.txt</th>\n",
       "      <td>0.0888</td>\n",
       "      <td>0.0553</td>\n",
       "      <td>0.0205</td>\n",
       "      <td>0.1055</td>\n",
       "      <td>0.1246</td>\n",
       "      <td>0.0888</td>\n",
       "      <td>0.0553</td>\n",
       "      <td>0.0205</td>\n",
       "      <td>0.1055</td>\n",
       "      <td>0.1246</td>\n",
       "      <td>0.0789</td>\n",
       "      <td>0.0815</td>\n",
       "      <td>-0.0296</td>\n",
       "      <td>0.0597</td>\n",
       "      <td>0.1182</td>\n",
       "      <td>0.0703</td>\n",
       "      <td>0.1524</td>\n",
       "      <td>0.0606</td>\n",
       "      <td>1.0000</td>\n",
       "      <td>0.2602</td>\n",
       "    </tr>\n",
       "    <tr>\n",
       "      <th>doc_020.txt</th>\n",
       "      <td>0.1320</td>\n",
       "      <td>0.0712</td>\n",
       "      <td>-0.0488</td>\n",
       "      <td>0.1162</td>\n",
       "      <td>0.0818</td>\n",
       "      <td>0.1320</td>\n",
       "      <td>0.0712</td>\n",
       "      <td>-0.0488</td>\n",
       "      <td>0.1162</td>\n",
       "      <td>0.0818</td>\n",
       "      <td>0.1311</td>\n",
       "      <td>0.0862</td>\n",
       "      <td>-0.0314</td>\n",
       "      <td>0.1107</td>\n",
       "      <td>0.0763</td>\n",
       "      <td>0.2530</td>\n",
       "      <td>0.1222</td>\n",
       "      <td>0.1281</td>\n",
       "      <td>0.2602</td>\n",
       "      <td>1.0000</td>\n",
       "    </tr>\n",
       "  </tbody>\n",
       "</table>\n",
       "</div>"
      ],
      "text/plain": [
       "             doc_001.txt  doc_002.txt  doc_003.txt  doc_004.txt  doc_005.txt  \\\n",
       "doc_001.txt       1.0000       0.8213       0.5366       0.7243       0.7992   \n",
       "doc_002.txt       0.8213       1.0000       0.5021       0.6535       0.7491   \n",
       "doc_003.txt       0.5366       0.5021       1.0000       0.5197       0.5707   \n",
       "doc_004.txt       0.7243       0.6535       0.5197       1.0000       0.7344   \n",
       "doc_005.txt       0.7992       0.7491       0.5707       0.7344       1.0000   \n",
       "doc_006.txt       1.0000       0.8213       0.5366       0.7243       0.7992   \n",
       "doc_007.txt       0.8213       1.0000       0.5021       0.6535       0.7491   \n",
       "doc_008.txt       0.5366       0.5021       1.0000       0.5197       0.5707   \n",
       "doc_009.txt       0.7243       0.6535       0.5197       1.0000       0.7344   \n",
       "doc_010.txt       0.7992       0.7491       0.5707       0.7344       1.0000   \n",
       "doc_011.txt       0.8339       0.6754       0.3721       0.5555       0.6696   \n",
       "doc_012.txt       0.6619       0.8309       0.3753       0.5078       0.6224   \n",
       "doc_013.txt       0.3580       0.3474       0.8481       0.3387       0.3973   \n",
       "doc_014.txt       0.5331       0.4974       0.3664       0.8151       0.5686   \n",
       "doc_015.txt       0.5998       0.5701       0.3927       0.5521       0.8435   \n",
       "doc_016.txt       0.1039       0.1019       0.0943       0.0697       0.0647   \n",
       "doc_017.txt       0.1533       0.1046       0.0635       0.0509       0.1479   \n",
       "doc_018.txt       0.0454       0.0177       0.1724       0.0711       0.0698   \n",
       "doc_019.txt       0.0888       0.0553       0.0205       0.1055       0.1246   \n",
       "doc_020.txt       0.1320       0.0712      -0.0488       0.1162       0.0818   \n",
       "\n",
       "             doc_006.txt  doc_007.txt  doc_008.txt  doc_009.txt  doc_010.txt  \\\n",
       "doc_001.txt       1.0000       0.8213       0.5366       0.7243       0.7992   \n",
       "doc_002.txt       0.8213       1.0000       0.5021       0.6535       0.7491   \n",
       "doc_003.txt       0.5366       0.5021       1.0000       0.5197       0.5707   \n",
       "doc_004.txt       0.7243       0.6535       0.5197       1.0000       0.7344   \n",
       "doc_005.txt       0.7992       0.7491       0.5707       0.7344       1.0000   \n",
       "doc_006.txt       1.0000       0.8213       0.5366       0.7243       0.7992   \n",
       "doc_007.txt       0.8213       1.0000       0.5021       0.6535       0.7491   \n",
       "doc_008.txt       0.5366       0.5021       1.0000       0.5197       0.5707   \n",
       "doc_009.txt       0.7243       0.6535       0.5197       1.0000       0.7344   \n",
       "doc_010.txt       0.7992       0.7491       0.5707       0.7344       1.0000   \n",
       "doc_011.txt       0.8339       0.6754       0.3721       0.5555       0.6696   \n",
       "doc_012.txt       0.6619       0.8309       0.3753       0.5078       0.6224   \n",
       "doc_013.txt       0.3580       0.3474       0.8481       0.3387       0.3973   \n",
       "doc_014.txt       0.5331       0.4974       0.3664       0.8151       0.5686   \n",
       "doc_015.txt       0.5998       0.5701       0.3927       0.5521       0.8435   \n",
       "doc_016.txt       0.1039       0.1019       0.0943       0.0697       0.0647   \n",
       "doc_017.txt       0.1533       0.1046       0.0635       0.0509       0.1479   \n",
       "doc_018.txt       0.0454       0.0177       0.1724       0.0711       0.0698   \n",
       "doc_019.txt       0.0888       0.0553       0.0205       0.1055       0.1246   \n",
       "doc_020.txt       0.1320       0.0712      -0.0488       0.1162       0.0818   \n",
       "\n",
       "             doc_011.txt  doc_012.txt  doc_013.txt  doc_014.txt  doc_015.txt  \\\n",
       "doc_001.txt       0.8339       0.6619       0.3580       0.5331       0.5998   \n",
       "doc_002.txt       0.6754       0.8309       0.3474       0.4974       0.5701   \n",
       "doc_003.txt       0.3721       0.3753       0.8481       0.3664       0.3927   \n",
       "doc_004.txt       0.5555       0.5078       0.3387       0.8151       0.5521   \n",
       "doc_005.txt       0.6696       0.6224       0.3973       0.5686       0.8435   \n",
       "doc_006.txt       0.8339       0.6619       0.3580       0.5331       0.5998   \n",
       "doc_007.txt       0.6754       0.8309       0.3474       0.4974       0.5701   \n",
       "doc_008.txt       0.3721       0.3753       0.8481       0.3664       0.3927   \n",
       "doc_009.txt       0.5555       0.5078       0.3387       0.8151       0.5521   \n",
       "doc_010.txt       0.6696       0.6224       0.3973       0.5686       0.8435   \n",
       "doc_011.txt       1.0000       0.8167       0.4296       0.6683       0.7648   \n",
       "doc_012.txt       0.8167       1.0000       0.4512       0.6356       0.7315   \n",
       "doc_013.txt       0.4296       0.4512       1.0000       0.4640       0.4589   \n",
       "doc_014.txt       0.6683       0.6356       0.4640       1.0000       0.6823   \n",
       "doc_015.txt       0.7648       0.7315       0.4589       0.6823       1.0000   \n",
       "doc_016.txt       0.0598       0.0676       0.0672       0.0261       0.0093   \n",
       "doc_017.txt       0.1952       0.1903       0.0918       0.0623       0.1788   \n",
       "doc_018.txt       0.0381       0.0177       0.1710       0.0568       0.0509   \n",
       "doc_019.txt       0.0789       0.0815      -0.0296       0.0597       0.1182   \n",
       "doc_020.txt       0.1311       0.0862      -0.0314       0.1107       0.0763   \n",
       "\n",
       "             doc_016.txt  doc_017.txt  doc_018.txt  doc_019.txt  doc_020.txt  \n",
       "doc_001.txt       0.1039       0.1533       0.0454       0.0888       0.1320  \n",
       "doc_002.txt       0.1019       0.1046       0.0177       0.0553       0.0712  \n",
       "doc_003.txt       0.0943       0.0635       0.1724       0.0205      -0.0488  \n",
       "doc_004.txt       0.0697       0.0509       0.0711       0.1055       0.1162  \n",
       "doc_005.txt       0.0647       0.1479       0.0698       0.1246       0.0818  \n",
       "doc_006.txt       0.1039       0.1533       0.0454       0.0888       0.1320  \n",
       "doc_007.txt       0.1019       0.1046       0.0177       0.0553       0.0712  \n",
       "doc_008.txt       0.0943       0.0635       0.1724       0.0205      -0.0488  \n",
       "doc_009.txt       0.0697       0.0509       0.0711       0.1055       0.1162  \n",
       "doc_010.txt       0.0647       0.1479       0.0698       0.1246       0.0818  \n",
       "doc_011.txt       0.0598       0.1952       0.0381       0.0789       0.1311  \n",
       "doc_012.txt       0.0676       0.1903       0.0177       0.0815       0.0862  \n",
       "doc_013.txt       0.0672       0.0918       0.1710      -0.0296      -0.0314  \n",
       "doc_014.txt       0.0261       0.0623       0.0568       0.0597       0.1107  \n",
       "doc_015.txt       0.0093       0.1788       0.0509       0.1182       0.0763  \n",
       "doc_016.txt       1.0000       0.1239       0.0295       0.0703       0.2530  \n",
       "doc_017.txt       0.1239       1.0000       0.0407       0.1524       0.1222  \n",
       "doc_018.txt       0.0295       0.0407       1.0000       0.0606       0.1281  \n",
       "doc_019.txt       0.0703       0.1524       0.0606       1.0000       0.2602  \n",
       "doc_020.txt       0.2530       0.1222       0.1281       0.2602       1.0000  "
      ]
     },
     "execution_count": 39,
     "metadata": {},
     "output_type": "execute_result"
    }
   ],
   "source": [
    "similarity_matrix = cosine_similarity(embeddings)\n",
    "similarity_df = pd.DataFrame(\n",
    "    similarity_matrix,\n",
    "    index=filenames,\n",
    "    columns=filenames\n",
    ")\n",
    "\n",
    "similarity_df.round(4)"
   ]
  },
  {
   "cell_type": "code",
   "execution_count": null,
   "id": "e8012ddf-2648-4f74-8e72-beb2ea08c62a",
   "metadata": {},
   "outputs": [],
   "source": []
  },
  {
   "cell_type": "code",
   "execution_count": null,
   "id": "d16c84a4-4fdf-497c-a0bc-14c0621be16d",
   "metadata": {},
   "outputs": [],
   "source": []
  },
  {
   "cell_type": "code",
   "execution_count": null,
   "id": "164a8251-e29b-431c-925d-57ad21286fff",
   "metadata": {},
   "outputs": [],
   "source": []
  }
 ],
 "metadata": {
  "kernelspec": {
   "display_name": "Python [conda env:base] *",
   "language": "python",
   "name": "conda-base-py"
  },
  "language_info": {
   "codemirror_mode": {
    "name": "ipython",
    "version": 3
   },
   "file_extension": ".py",
   "mimetype": "text/x-python",
   "name": "python",
   "nbconvert_exporter": "python",
   "pygments_lexer": "ipython3",
   "version": "3.13.9"
  }
 },
 "nbformat": 4,
 "nbformat_minor": 5
}
